0.00000E+00
0.00000E+00
0.00000E+00
0.00000E+00
1.72881E+10
1.77504E+12
2.18636E+13
4.03798E+13
1.26632E+13
1.88069E+12
3.23376E+11
2.54558E+11
2.78419E+11
3.21510E+11
3.08744E+11
3.03109E+11
2.72979E+11
3.14989E+11
3.72545E+11
3.55103E+11
3.46111E+11
3.40048E+11
3.70204E+11
3.93756E+11
1.40569E+11
2.84643E+11
4.18153E+11
4.16082E+11
4.41798E+11
4.72130E+11
5.08917E+11
5.57534E+11
6.11294E+11
1.40648E+12
1.71769E+12
2.17313E+12
1.29275E+12
1.41675E+12
1.62508E+12
1.76789E+12
2.04523E+12
2.21270E+12
1.65484E+12
4.73681E+11
4.56109E+11
8.62907E+11
1.93524E+12
2.99553E+12
3.09932E+12
3.24511E+12
3.48881E+12
3.98073E+12
4.23768E+12
4.33623E+12
4.41759E+12
4.67088E+12
5.16489E+12
5.45545E+12
5.28078E+12
6.49761E+12
6.38144E+12
1.26694E+13
5.13464E+12
8.47209E+12
7.10852E+12
7.24227E+12
7.02331E+12
7.39777E+12
8.50909E+12
9.39892E+12
1.02403E+13
9.88874E+12
9.97842E+12
8.69754E+12
8.19992E+12
9.18415E+12
1.82615E+13
1.50685E+13
7.22552E+12
9.84726E+12
1.80126E+13
1.59640E+13
2.05299E+12
6.97620E+11
1.37891E+12
3.05204E+12
5.12678E+12
1.14456E+13
4.87543E+12
4.20833E+12
4.80148E+12
4.07474E+12
3.26172E+12
3.91296E+12
5.70378E+12
5.06390E+12
6.78426E+12
5.72658E+12
4.33209E+12
7.46788E+12
7.46514E+12
7.84223E+12
6.68914E+12
6.13565E+12
1.38147E+13
1.24399E+13
3.04814E+12
6.95215E+12
8.89242E+12
8.81652E+12
1.67458E+13
4.81505E+12
1.02770E+13
9.62146E+12
1.14974E+13
3.75934E+12
2.93825E+12
5.71511E+11
2.23398E+12
7.03880E+12
3.34012E+12
2.59585E+12
5.50610E+12
7.53133E+12
1.23743E+13
9.90043E+12
3.31459E+12
4.14035E+12
3.77127E+12
5.35162E+12
5.14030E+12
2.33689E+12
1.67968E+12
1.50383E+12
1.40147E+12
6.32902E+11
6.08757E+11
1.11925E+12
9.81472E+11
2.04441E+12
1.47884E+12
9.74560E+11
7.25807E+11
5.09091E+11
3.73820E+11
2.68735E+11
1.81546E+11
1.17041E+11
7.40870E+10
5.18958E+10
3.82605E+10
3.00355E+10
2.75988E+10
2.16371E+10
9.39779E+09
7.40973E+09
3.47614E+09
9.79849E+08
4.39722E+08
4.09943E+08
4.49670E+08
1.96850E+08
3.03152E+08
1.57903E+08
2.46873E+07
3.91182E+07
4.87882E+07
5.72616E+07
2.29335E+07
8.71536E+06
8.20188E+06
0.00000E+00
2.17707E+06
0.00000E+00
0.00000E+00
 
0.00000E+00
0.00000E+00
0.00000E+00
0.00000E+00
1.72881E+10
1.77504E+12
2.18636E+13
4.03798E+13
1.26632E+13
1.88069E+12
3.23376E+11
2.54558E+11
2.78419E+11
3.21510E+11
3.08744E+11
3.03109E+11
2.72979E+11
3.14989E+11
3.72545E+11
3.55103E+11
3.46111E+11
3.40048E+11
3.70204E+11
3.93756E+11
1.40569E+11
2.84643E+11
4.18153E+11
4.16082E+11
4.41798E+11
4.72130E+11
5.08917E+11
5.57534E+11
6.11294E+11
1.40648E+12
1.71769E+12
2.17313E+12
1.29275E+12
1.41675E+12
1.62508E+12
1.76789E+12
2.04523E+12
2.21270E+12
1.65484E+12
4.73681E+11
4.56109E+11
8.62907E+11
1.93524E+12
2.99553E+12
3.09932E+12
3.24511E+12
3.48881E+12
3.98073E+12
4.23768E+12
4.33623E+12
4.41759E+12
4.67088E+12
5.16489E+12
5.45545E+12
5.28078E+12
6.49761E+12
6.38144E+12
1.26694E+13
5.13464E+12
8.47209E+12
7.10852E+12
7.24227E+12
7.02331E+12
7.39777E+12
8.50909E+12
9.39892E+12
1.02403E+13
9.88874E+12
9.97842E+12
8.69754E+12
8.19992E+12
9.18415E+12
1.82615E+13
1.50685E+13
7.22552E+12
9.84726E+12
1.80126E+13
1.59640E+13
2.05299E+12
6.97620E+11
1.37891E+12
3.05204E+12
5.12678E+12
1.14456E+13
4.87543E+12
4.20833E+12
4.80148E+12
4.07474E+12
3.26172E+12
3.91296E+12
5.70378E+12
5.06390E+12
6.78426E+12
5.72658E+12
4.33209E+12
7.46788E+12
7.46514E+12
7.84223E+12
6.68914E+12
6.13565E+12
1.38147E+13
1.24399E+13
3.04814E+12
6.95215E+12
8.89242E+12
8.81652E+12
1.67458E+13
4.81505E+12
1.02770E+13
9.62146E+12
1.14974E+13
3.75934E+12
2.93825E+12
5.71511E+11
2.23398E+12
7.03880E+12
3.34012E+12
2.59585E+12
5.50610E+12
7.53133E+12
1.23743E+13
9.90043E+12
3.31459E+12
4.14035E+12
3.77127E+12
5.35162E+12
5.14030E+12
2.33689E+12
1.67968E+12
1.50383E+12
1.40147E+12
6.32902E+11
6.08757E+11
1.11925E+12
9.81472E+11
2.04441E+12
1.47884E+12
9.74560E+11
7.25807E+11
5.09091E+11
3.73820E+11
2.68735E+11
1.81546E+11
1.17041E+11
7.40870E+10
5.18958E+10
3.82605E+10
3.00355E+10
2.75988E+10
2.16371E+10
9.39779E+09
7.40973E+09
3.47614E+09
9.79849E+08
4.39722E+08
4.09943E+08
4.49670E+08
1.96850E+08
3.03152E+08
1.57903E+08
2.46873E+07
3.91182E+07
4.87882E+07
5.72616E+07
2.29335E+07
8.71536E+06
8.20188E+06
0.00000E+00
2.17707E+06
0.00000E+00
0.00000E+00
 
0.00000E+00
0.00000E+00
0.00000E+00
0.00000E+00
1.72881E+10
1.77504E+12
2.18636E+13
4.03798E+13
1.26632E+13
1.88069E+12
3.23376E+11
2.54558E+11
2.78419E+11
3.21510E+11
3.08744E+11
3.03109E+11
2.72979E+11
3.14989E+11
3.72545E+11
3.55103E+11
3.46111E+11
3.40048E+11
3.70204E+11
3.93756E+11
1.40569E+11
2.84643E+11
4.18153E+11
4.16082E+11
4.41798E+11
4.72130E+11
5.08917E+11
5.57534E+11
6.11294E+11
1.40648E+12
1.71769E+12
2.17313E+12
1.29275E+12
1.41675E+12
1.62508E+12
1.76789E+12
2.04523E+12
2.21270E+12
1.65484E+12
4.73681E+11
4.56109E+11
8.62907E+11
1.93524E+12
2.99553E+12
3.09932E+12
3.24511E+12
3.48881E+12
3.98073E+12
4.23768E+12
4.33623E+12
4.41759E+12
4.67088E+12
5.16489E+12
5.45545E+12
5.28078E+12
6.49761E+12
6.38144E+12
1.26694E+13
5.13464E+12
8.47209E+12
7.10852E+12
7.24227E+12
7.02331E+12
7.39777E+12
8.50909E+12
9.39892E+12
1.02403E+13
9.88874E+12
9.97842E+12
8.69754E+12
8.19992E+12
9.18415E+12
1.82615E+13
1.50685E+13
7.22552E+12
9.84726E+12
1.80126E+13
1.59640E+13
2.05299E+12
6.97620E+11
1.37891E+12
3.05204E+12
5.12678E+12
1.14456E+13
4.87543E+12
4.20833E+12
4.80148E+12
4.07474E+12
3.26172E+12
3.91296E+12
5.70378E+12
5.06390E+12
6.78426E+12
5.72658E+12
4.33209E+12
7.46788E+12
7.46514E+12
7.84223E+12
6.68914E+12
6.13565E+12
1.38147E+13
1.24399E+13
3.04814E+12
6.95215E+12
8.89242E+12
8.81652E+12
1.67458E+13
4.81505E+12
1.02770E+13
9.62146E+12
1.14974E+13
3.75934E+12
2.93825E+12
5.71511E+11
2.23398E+12
7.03880E+12
3.34012E+12
2.59585E+12
5.50610E+12
7.53133E+12
1.23743E+13
9.90043E+12
3.31459E+12
4.14035E+12
3.77127E+12
5.35162E+12
5.14030E+12
2.33689E+12
1.67968E+12
1.50383E+12
1.40147E+12
6.32902E+11
6.08757E+11
1.11925E+12
9.81472E+11
2.04441E+12
1.47884E+12
9.74560E+11
7.25807E+11
5.09091E+11
3.73820E+11
2.68735E+11
1.81546E+11
1.17041E+11
7.40870E+10
5.18958E+10
3.82605E+10
3.00355E+10
2.75988E+10
2.16371E+10
9.39779E+09
7.40973E+09
3.47614E+09
9.79849E+08
4.39722E+08
4.09943E+08
4.49670E+08
1.96850E+08
3.03152E+08
1.57903E+08
2.46873E+07
3.91182E+07
4.87882E+07
5.72616E+07
2.29335E+07
8.71536E+06
8.20188E+06
0.00000E+00
2.17707E+06
0.00000E+00
0.00000E+00