19	0.1	0.15	0.2	0.3	0.4	0.5	0.6	0.8	1	1.5	2	3	4	5	6	8	10	15	20
	0.02318	0.02494	0.02672	0.02872	0.02949	0.02966	0.02953	0.02882	0.02787	0.02545	0.02342	0.02054	0.01866	0.01737	0.01644	0.01521	0.01446	0.01349	0.01308
1	0.2944	0.2651	0.2429	0.2112	0.1893	0.1729	0.1599	0.1405	0.1263	0.1027	0.0877	0.06922	0.05807	0.05049	0.04498	0.03746	0.03254	0.02539	0.02153
3	0.1289	0.1158	0.106	0.0921	0.08249	0.07532	0.06968	0.06121	0.05503	0.04476	0.0383	0.03043	0.02572	0.02257	0.0203	0.01725	0.01529	0.01252	0.01109
4	0.1328	0.119	0.1089	0.09463	0.08471	0.07739	0.07155	0.06286	0.05652	0.04597	0.03938	0.03138	0.02664	0.02347	0.02121	0.01819	0.01627	0.01361	0.01227
5	0.1391	0.1244	0.1136	0.09864	0.08836	0.08066	0.07461	0.0655	0.05891	0.04792	0.04109	0.03284	0.02799	0.02477	0.02248	0.01945	0.01755	0.01495	0.01368
6	0.1514	0.1347	0.1229	0.1066	0.09546	0.08715	0.08058	0.07076	0.06361	0.05179	0.04442	0.03562	0.03047	0.02708	0.02469	0.02154	0.01959	0.01698	0.01575
7	0.1529	0.1353	0.1233	0.1068	0.09557	0.08719	0.08063	0.07081	0.06364	0.0518	0.0445	0.03579	0.03073	0.02742	0.02511	0.02209	0.02024	0.01782	0.01673
8	0.1551	0.1361	0.1237	0.107	0.09566	0.08729	0.0807	0.07087	0.06372	0.05185	0.04459	0.03597	0.031	0.02777	0.02552	0.02263	0.02089	0.01866	0.0177
11	0.1585	0.1335	0.1199	0.1029	0.09185	0.08372	0.07736	0.06788	0.061	0.04968	0.04282	0.03487	0.03037	0.02753	0.02559	0.02319	0.02181	0.02023	0.0197
12	0.1686	0.1394	0.1245	0.1065	0.09492	0.08647	0.07988	0.07008	0.06296	0.05129	0.04426	0.03613	0.03159	0.02873	0.02681	0.02445	0.02313	0.02168	0.02127
13	0.1704	0.1378	0.1223	0.1042	0.09276	0.08445	0.07802	0.06841	0.06146	0.05006	0.04324	0.03541	0.03106	0.02836	0.02655	0.02437	0.02318	0.02195	0.02168
14	0.1835	0.1448	0.1275	0.1082	0.09614	0.08748	0.08077	0.07082	0.06361	0.05183	0.0448	0.03678	0.0324	0.02967	0.02788	0.02574	0.02462	0.02352	0.02338
15	0.1865	0.1432	0.125	0.1055	0.09359	0.08511	0.07854	0.06884	0.06182	0.05039	0.04358	0.0359	0.03172	0.02915	0.02747	0.02552	0.02452	0.02364	0.02363
16	0.202	0.1506	0.1302	0.1091	0.09667	0.08783	0.08104	0.071	0.06374	0.05194	0.04498	0.03716	0.03294	0.03037	0.02872	0.02683	0.0259	0.02517	0.02529
17	0.205	0.148	0.1266	0.1054	0.09311	0.08453	0.07795	0.06826	0.06128	0.04994	0.04328	0.03585	0.03188	0.0295	0.02798	0.02628	0.02548	0.02496	0.0252
18	0.2043	0.1427	0.1205	0.09953	0.08776	0.07958	0.07335	0.06419	0.05762	0.04695	0.04074	0.03384	0.03019	0.02802	0.02667	0.02517	0.02451	0.02418	0.02453
19	0.2345	0.1582	0.1319	0.108	0.09495	0.086	0.07922	0.06929	0.06216	0.05068	0.04399	0.03666	0.03282	0.03054	0.02915	0.02766	0.02704	0.02687	0.02737
20	0.2571	0.1674	0.1376	0.1116	0.09782	0.08851	0.08147	0.07121	0.06388	0.05206	0.04524	0.0378	0.03395	0.0317	0.03034	0.02892	0.02839	0.02838	0.02903
24	0.3167	0.1788	0.1378	0.1067	0.09213	0.08281	0.07598	0.0662	0.0593	0.04832	0.04213	0.03559	0.03235	0.03057	0.02956	0.02869	0.02855	0.0292	0.03026
25	0.3367	0.1838	0.1391	0.1062	0.09133	0.08192	0.07509	0.06537	0.05852	0.04769	0.04162	0.03524	0.03213	0.03045	0.02952	0.02875	0.02871	0.02951	0.03068
26	0.3717	0.1964	0.146	0.1099	0.094	0.08414	0.07704	0.06699	0.05995	0.04883	0.04265	0.03621	0.03312	0.03146	0.03057	0.02991	0.02994	0.03092	0.03224
28	0.444	0.2208	0.1582	0.1154	0.09765	0.08698	0.07944	0.06891	0.0616	0.05015	0.04387	0.03745	0.03444	0.03289	0.0321	0.03164	0.03185	0.0332	0.03476
29	0.4585	0.2217	0.1559	0.1119	0.09413	0.08362	0.07625	0.06605	0.05901	0.04803	0.04205	0.03599	0.03318	0.03177	0.03108	0.03074	0.03103	0.03247	0.03408
40	0.966	0.379	0.2237	0.1318	0.1018	0.08694	0.07756	0.06571	0.0581	0.047	0.04147	0.03644	0.03451	0.03384	0.03374	0.03441	0.03554	0.03855	0.04122
41	1.036	0.4023	0.2344	0.1357	0.104	0.08832	0.07858	0.06642	0.05866	0.04741	0.04185	0.03686	0.03498	0.03436	0.03432	0.03508	0.03628	0.03944	0.04224
42	1.096	0.4208	0.2423	0.1379	0.1047	0.08848	0.07851	0.06619	0.05837	0.04713	0.04163	0.03675	0.03496	0.03439	0.0344	0.03523	0.0365	0.03978	0.04264
48	1.524	0.5593	0.3038	0.1571	0.1129	0.0925	0.08065	0.0667	0.05826	0.04673	0.04139	0.03698	0.03559	0.03536	0.03563	0.03691	0.03853	0.04253	0.04588
50	1.677	0.6092	0.326	0.1639	0.1156	0.09375	0.08114	0.06663	0.05801	0.04639	0.04113	0.03687	0.03562	0.03549	0.03584	0.03724	0.03896	0.04316	0.04662
56	2.195	0.7827	0.4045	0.1891	0.1265	0.09923	0.0841	0.06744	0.05802	0.04592	0.04078	0.03692	0.03598	0.03612	0.03669	0.03844	0.04042	0.04518	0.04902
57	2.315	0.824	0.4239	0.1961	0.1301	0.1015	0.0857	0.06843	0.05876	0.0464	0.04122	0.03737	0.03646	0.03664	0.03726	0.03907	0.04113	0.04603	0.04996
64	3.109	1.1	0.5535	0.241	0.1518	0.1139	0.09371	0.07252	0.0612	0.04759	0.04228	0.03865	0.03802	0.03844	0.03928	0.04147	0.04384	0.04943	0.05385
72	4.153	1.477	0.7338	0.3055	0.1834	0.1324	0.1058	0.07879	0.06502	0.04944	0.04387	0.0403	0.03989	0.04052	0.04155	0.04409	0.04677	0.05301	0.05796
74	4.437	1.581	0.7845	0.3238	0.1925	0.1378	0.1093	0.08066	0.06618	0.05	0.04433	0.04075	0.04038	0.04103	0.0421	0.04472	0.04747	0.05384	0.05893
82	5.549	2.015	0.9986	0.4032	0.2323	0.1613	0.1248	0.0887	0.07102	0.05222	0.04606	0.04234	0.04197	0.04272	0.04391	0.04675	0.04972	0.05658	0.06206
90	1.83	2.472	1.234	0.494	0.2789	0.1895	0.1435	0.09862	0.07709	0.05498	0.04812	0.04396	0.04347	0.04421	0.04542	0.04836	0.05149	0.05871	0.06447
92	1.954	2.591	1.298	0.5193	0.2922	0.1976	0.149	0.1016	0.07894	0.05586	0.04877	0.04446	0.04391	0.04463	0.04583	0.04879	0.05194	0.05926	0.06511
