0.00000E+00 0.00000E+00 0.00000E+00 0.00000E+00 0.00000E+00 0.00000E+00
0.00000E+00 3.68200E+19 1.96236E+19 1.21958E+19 5.94000E+18 5.32776E+18
5.25447E+18 5.00860E+18 4.77048E+18 4.50135E+18 4.42552E+18 4.34460E+18
4.22629E+18 4.12344E+18 3.97320E+18 3.52620E+18 3.44206E+18 3.43285E+18
3.29746E+18 3.26477E+18 3.19185E+18 3.07996E+18 3.00842E+18 2.99309E+18
2.91656E+18 2.86930E+18 2.83608E+18 2.78904E+18 2.76352E+18 2.73202E+18
2.69762E+18 2.65965E+18 2.64586E+18 2.63655E+18 2.63417E+18 2.61970E+18
2.61282E+18 2.57506E+18 2.56875E+18 2.50490E+18 2.46328E+18 2.46088E+18
2.45214E+18 2.44374E+18 2.41036E+18 2.41001E+18 2.39590E+18 2.38980E+18
2.36633E+18 2.36536E+18 2.27784E+18 2.27317E+18 2.23146E+18 2.22250E+18
2.18299E+18 2.17968E+18 2.16580E+18 2.15910E+18 2.15808E+18 2.15423E+18
2.15110E+18 2.13956E+18 2.11320E+18 2.11189E+18 2.09994E+18 2.08737E+18
2.04277E+18 2.02944E+18 2.00582E+18 1.99780E+18 1.99433E+18 1.97808E+18
1.97508E+18 1.95708E+18 1.91268E+18 1.88684E+18 1.88140E+18 1.87800E+18
1.87620E+18 1.84058E+18 1.83954E+18 1.82906E+18 1.82416E+18 1.80513E+18
1.80355E+18 1.79865E+18 1.78256E+18 1.75932E+18 1.75595E+18 1.75362E+18
1.74558E+18 1.69672E+18 1.69165E+18 1.68588E+18 1.65892E+18 1.64820E+18
1.64340E+18 1.63730E+18 1.62704E+18 1.62605E+18 1.62389E+18 1.60816E+18
1.60704E+18 1.59618E+18 1.58687E+18 1.53468E+18 1.52257E+18 1.50930E+18
1.50459E+18 1.49776E+18 1.49739E+18 1.47805E+18 1.43680E+18 1.41082E+18
1.38334E+18 1.35216E+18 1.34215E+18 1.32756E+18 1.32608E+18 1.31040E+18
1.26736E+18 1.24962E+18 1.24608E+18 1.23435E+18 1.21210E+18 1.18384E+18
1.13028E+18 1.11221E+18 1.10226E+18 1.09956E+18 1.05605E+18 1.05120E+18
1.04703E+18 1.01992E+18 1.01761E+18 9.89176E+17 9.88560E+17 9.08228E+17
9.02880E+17 8.95230E+17 8.89149E+17 8.76174E+17 8.74104E+17 8.64120E+17
8.52082E+17 8.49690E+17 8.27770E+17 8.14720E+17 8.13195E+17 8.07408E+17
7.75580E+17 7.58864E+17 7.47860E+17 7.45104E+17 7.39860E+17 7.37940E+17
6.93462E+17 6.66900E+17 6.42932E+17 6.38050E+17 5.96352E+17 5.76180E+17
5.49010E+17 5.41296E+17 5.07780E+17 4.19310E+17 2.36550E+17 2.28600E+17
2.26551E+17
