8 0.5 1.0 2.0 3.0 4.0 6.0 8.0 10.0

5
water 		0
aluminum 	1
concrete	2
iron		3
lead		4

100.845	0.1269	-0.1093
19.601	0.0904	-0.0252	
12.612	0.0532	0.0193
11.110	0.0355	0.0321
11.163	0.0254	0.0302 
8.385	0.0182	0.0416
4.635	0.0263	0.0710
3.545	0.0299	0.0872

38.911	0.1001	-0.0631
28.782	0.0682	-0.0297
16.981	0.0459	0.0027
10.583	0.0407	0.0251
7.526	0.0397	0.0386
5.713	0.0393	0.0435
4.716	0.0384	0.0443
3.999	0.0390	0.0413

38.911	0.1001	-0.0631
28.782	0.0682	-0.0297
16.981	0.0459	0.0027
10.583	0.0407	0.0251
7.526	0.0397	0.0386
5.713	0.0393	0.0435
4.716	0.0384	0.0443
3.999	0.0390	0.0413

31.379	0.0684	-0.0374
24.957	0.0609	-0.0246
17.622	0.0463	-0.0053
13.218	0.0443	-0.0009
9.624	0.0470	0.0018
5.867	0.0615	-0.0019
3.243	0.0750	0.0212
1.747	0.0990	0.0663

1.677	0.0308	0.3094
2.984	0.0350	0.1349
5.421	0.0348	0.0438
5.580	0.0542	0.0061
3.897	0.0847	-0.0238
0.926	0.1786	-0.0464
0.368	0.2369	-0.0568
0.311	0.2402	-0.0278

