4 1.0 3.0 5.0 10.0
5 1.25 1.50 3.0 5.0 10.0
6 0 1.0 2.0 3.0 5.0 10.0

1.084000	7.366e-1	1.777e-1	6.323e-2	1.573e-2
1.639000	1.275000	4.247e-1	1.724e-1	4.599e-2
1.750000	1.370000	5.672e-1	2.470e-1	7.320e-2
1.700000	1.420000	6.842e-1	3.504e-1	1.237e-1

5.600e-1	4.000e-1	9.400e-2	3.250e-2	8.000e-3
6.800e-1	5.400e-1	2.030e-1	8.400e-2	2.280e-2
6.800e-1	5.600e-1	2.400e-1	1.170e-1	3.550e-2
6.900e-1	5.700e-1	2.630e-1	1.400e-1	5.700e-2

3.550e-1	2.541e-1	5.780e-2	2.008e-2	4.832e-3
4.000e-1	3.349e-1	1.256e-1	5.207e-2	1.395e-2
4.000e-1	3.200e-1	1.420e-1	7.000e-2        2.140e-2 
4.000e-1	3.200e-1	1.460e-1	8.762e-2	3.422e-2

2.600e-1	1.800e-1	3.200e-2	1.420e-2	3.400e-3 
2.600e-1	2.200e-1	8.500e-2	3.600e-2	9.800e-3 
2.700e-1	2.200e-1	9.800e-2	4.850e-2	1.520e-2 
2.700e-1	2.200e-1	1.030e-1	5.800e-2	2.350e-2

1.500e-1	1.150e-1	2.620e-2	8.700e-3	2.100e-3
1.550e-1	1.300e-1	5.300e-2	2.250e-2	6.000e-3
1.550e-1	1.320e-1	5.900e-2	3.000e-2	9.400e-3
1.550e-1	1.320e-1	6.600e-2	3.550e-2	1.460e-2

8.000e-2	6.000e-2	1.450e-2	4.500e-3	1.060e-3
8.400e-2	6.600e-2	2.650e-2	1.120e-2	3.000e-3
8.400e-2	6.600e-2	3.200e-2	1.450e-2	4.600e-3
8.400e-2	6.600e-2	3.400e-2	1.860e-2	7.100e-3 
